100028339116552
100028339252852
100028346320710
100028372896043
100028373233173
100028373947730
100028377317075
100028384642971
100028389880891
100028391559695
100028399774027
100028408295127
100028421490930
100028430978487
100028441492331
100028456507764
100028458162153
100028468865708
100028469660396
100028476486002
100028480274573
100028493466497
100028516350027
100028522728597
100028522835167
100028535591351
100028537761063
100028563934226
100028568028039
100028583174692
100028601388100
100028606629495
100028607304181
100028619177416
100028620795620
100028645124610
100028652703682
100028656771505
100028713276015
100028745963289
100028759721680
100028763854357
100028771962170
100028773668930
100028791092253
100028793672607
100028809851296
100028857319083
100028866547648
100028872740426
100028873004702
100028878827080
100028904781768
100028906568419
100028913624102
100028928384886
100028931981901
100028939447362
100028951338222
100028957072382
100028957086777
100028962244915
100028979100304
100028980131337
100028988376610
100029004788316
100029012933635
100029015599502
100029015916783
100029024089873
100029025249885
100029031076947
100029031787199
100029040150671
100029082812564
100029101384717
100029116002391
100029135951506
100029139973036
100029145111487
100029148453130
100029150644684
100029153377751
100029174921229
100029198585727
100029198680165
100029218970158
100029223438565
100029224120057
100029226164354
100029242268958
100029255580193
100029256939611
100029259254634
100029261657704
100029261873408
100029273074971
100029285329651
100029303108465
100029310392111
100029336046804
100029342840138
100029343051205
100029346330244
100029358787827
100029370318992
100029372859190
100029391872243
100029391964625
100029406662979
100029418923248
100029422068025
100029431598226
100029441975923
100029457615264
100029469322687
100029477807919
100029485656590
100029494560491
100029497281662
100029505081271
100029534590812
100029534600225
100029536631509
100029537469591
100029542336437
100029556630828
100029567737643
100029573630829
100029576423015
100029581122823
100029584577276
100029585904090
100029591111610
100029625366138
100029629627249
100029629650580
100029636882926
100029664438325
100029670488681
100029676875101
100029679555652
100029688460984
100029690101881
100029697701202
100029715193154
100029715798390
100029717560036
100029720203929
100029736360654
100029741242028
100029741341039
100029745049174
100029747376912
100029750048434
100029756812788
100029760591072
100029777242144
100029797430904
100029800442605
100029800553521
100029813619298
100029814216149
100029819829239
100029829561399
100029844078863
100029857968634
100029883677991
100029889053021
100029892840326
100029916612850
100029935054690
100029939765746
100029942979905
100029944718236
100029953991456
100029959936914
100029967526334
100029970533975
100029973468022
100029976553983
100029981483134
100029982291812
100029995873755
100030000094506
100030005895257
100030010757500
100030035662328
100030049956487
100030071241850
100030076244817
100030078102697
100030078141240
100030078275247
100030080690909
100030081012945
100030094770612
100030113349297
100030131499115
100030137080395
100030163803624
100030169596136
100030171585961
100030172536617
100030173962034
100030175067911
100030178922978
100030188738806
100030217965911
100030237757858
100030238267545
100030239948566
100030270065736
100030281747622
100030306923289
100030319805250
100030324471168
100030331837807
100030334944164
100030337875826
100030342588217
100030346275621
100030347222408
100030351764208
100030356892984
100030366192042
100030379294897
100030395040369
100030398524898
100030410770833
100030428351379
100030458986471
100030493301076
100030502470244
100030503672420
100030509258286
100030530611664
100030534172224
100030547251479
100030547748580
100030554946599
100030566115850
100030578212473
100030578753409
100030582780994
100030596558721
100030621665489
100030625951648
100030631190269
100030641561278
100030655475944
100030667701562
100030672676696
100030699202204
100030701421273
100030711795121
100030740179549
100030740476536
100030745364808
100030745870452
100030746693853
100030749837624
100030760718989
100030762293356
100030762531010
100030763214741
100030765407227
100030778062458
100030799050934
100030804198592
100030804720849
100030834198160
100030838549516
100030859193036
100030863732506
100030864781500
100030864881621
100030870524909
100030890112895
100030892224248
100030912789342
100030915360147
100030915801175
100030921192171
100030940323841
100030940840147
100030946607366
100030952990654
100030966980020
100030969620558
100030981460860
100030995190451
100031038099240
100031039891288
100031041697207
100031060382970
100031070812538
100031081882839
100031086939835
100031089431310
100031134129966
100031143663059
100031172625059
100031183890384
100031196885017
100031238956820
100031242047856
100031251782561
100031266610464
100031294338792
100031297476183
100031306908709
100031316682971
100031323471488
100031353725882
100031364291779
100031371741636
100031401634874
100031408996996
100031415377596
100031444153284
100031471125251
100031499214240
100031501367488
100031511026429
100031511678935
100031554264289
100031589317681
100031598964242
100031609298590
100031629282748
100031665521963
100031702924513
100031711480044
100031720777035
100031727930161
100031741219728
100031742259720
100031756682715
100031792390143
100031826138107
100031843654589
100031861920457
100031880021885
100031885754194
100031906822723
100031950073784
100031983318619
100032005369429
100032026344218
100032033234572
100032044093446
100032049522826
100032079967553
100032086878842
100032087325266
100032090418552
100032099059377
100032100188402
100032103881121
100032112606181
100032116821083
100032125353207
100032140241823
100032143841866
100032145256357
100032175360462
100032201257996
100032215484840
100032220097021
100032221333898
100032223225028
100032225961615
100032245651720
100032278906324
100032291133776
100032303264788
100032313918164
100032325155557
100032327401655
100032358372114
100032398576441
100032404445963
100032418273491
100032422190800
100032427306176
100032430495217
100032444745243
100032468676145
100032472252176
100032482202088
100032488370833
100032517661942
100032518066824
100032520794165
100032557515609
100032607816593
100032615220215
100032638021748
100032653725990
100032671655920
100032674460395
100032684117639
100032698896740
100032710790998
100032718194534
100032732970287
100032735562297
100032741557322
100032775200927
100032777512826
100032799856640
100032804649765
100032809274894
100032809454453
100032812342086
100032820408844
100032823006671
100032838472303
100032842963287
100032871520757
100032876197586
100032899512664
100032907258053
100032919905466
100032920841443
100032922164680
100032924612902
100032930594044
100032950656162
100032950721394
100032969088428
100032969808514
100032977010771
100032991960006
100032999597201
100033004274011
100033009783460
100033018948950
100033020371866
100033023191297
100033027246325
100033047152034
100033051912369
100033061781021
100033061966726
100033073743495
100033075976554
100033082692240
100033085659589
100033090109027
100033099345900
100033101740548
100033106546574
100033116321207
100033132792000
100033139162054
100033139269554
100033147881656
100033148470387
100033155812079
100033163805548
100033174091358
100033193992318
100033232639164
100033233738087
100033238369351
100033240254923
100033246759488
100033252755195
100033256508366
100033260754289
100033279621695
100033301942444
100033308583670
100033315560666
100033332747912
100033392550173
100033399216545
100033399396469
100033413900534
100033414886929
100033423992025
100033426973298
100033437113233
100033441488128
100033449551765
100033450543061
100033450833588
100033455762910
100033464370334
100033475969263
100033476719595
100033479888442
100033482359145
100033486307938
100033505745129
100033509623469
100033521954855
100033527766070
100033543317828
100033543383429
100033547454728
100033554721192
100033569317667
100033572674391
100033573947236
100033610441615
100033611483005
100033611565334
100033611820133
100033628458309
100033644174918
100033656543575
100033662409721
100033669303846
100033696711372
100033699734240
100033704255717
100033718999482
100033722506937
100033724329420
100033741550755
100033748470274
100033756757824
100033758106096
100033759468413
100033764018129
100033769267333
100033782769977
100033789557044
100033791029083
100033797288337
100033797751660
100033810483758
100033815100252
100033818438611
100033818739119
100033824192799
100033826727622
100033839599664
100033842054389
100033846423302
100033847639398
100033869835309
100033870812026
100033889397428
100033896768182
100033909634388
100033915774001
100033917076795
100033921330419
100033925020586
100033938465901
100033950447434
100033957941672
100033958126575
100033958904794
100033958998961
100033971633075
100033977025464
100033988882802
100033995614982
100034003671892
100034008604942
100034019350725
100034028631345
100034031080866
100034037750428
100034050830008
100034052360635
100034054697738
100034064044555
100034069250846
100034073214221
100034076810635
100034078728067
100034078809906
100034079690008
100034087200815
100034087750026
100034095360475
100034095752276
100034099624143
100034113881688
100034118833850
100034120539250
100034121340227
100034125668970
100034126033151
100034126212495
100034126403569
100034135103250
100034136059376
100034151504958
100034161124262
100034169262338
100034174208700
100034189251184
100034202448978
100034210989760
100034212724956
100034220042439
100034221153008
100034225249617
100034250928105
100034252898496
100034254189524
100034261694174
100034264124416
100034283360489
100034304163654
100034312328729
100034317022175
100034317947952
100034322978591
100034324160678
100034324775996
100034336754402
100034343782876
100034345084066
100034355768043
100034355867711
100034355933882
100034364286519
100034367182578
100034379111864
100034383680247
100034393338625
100034400672147
100034401736186
100034403931588
100034405720004
100034406491158
100034409270929
100034409534908
100034413429742
100034423328626
100034433454310
100034439288663
100034454595357
100034455790499
100034462637223
100034466533986
100034471687604
100034477876486
100034488099971
100034491240277
100034493183124
100034494540557
100034510837739
100034513279025
100034515098695
100034518833744
100034520353327
100034520379404
100034521703396
100034524516482
100034540759178
100034543459351
100034560428352
100034572794210
100034583385365
100034587858461
100034598061315
100034604499826
100034610061193
100034614270225
100034616761896
100034618172621
100034619801527
100034634118871
100034643881117
100034647560713
100034652370518
100034656220937
100034657282905
100034663760646
100034663963436
100034665069916
100034667341891
100034677362954
100034677630529
100034694481178
100034701874526
100034705028563
100034708790114
100034713156563
100034716792279
100034728471170
100034731609652
100034736956955
100034738381554
100034740883663
100034742523400
100034749769288
100034755071143
100034761413656
100034769418048
100034785457691
100034785861189
100034789042650
100034789210211
100034790121241
100034805571470
100034814231372
100034814926666
100034833939332
100034836474349
100034836540131
100034845271372
100034858219864
100034859050911
100034862894643
100034869274395
100034876594868
100034878952647
100034918543040
100034924770615
100034931890712
100034932731416
100034933330693
100034934254655
100034935150307
100034936790480
100034940212348
100034942110302
100034943732502
100034943929512
100034944821795
100034946160314
100034951080728
100034954065473
100034991599361
100034995771047
100035003642179
100035013490789
100035016316573
100035017518966
100035029750198
100035034678427
100035035522938
100035036900796
100035037910533
100035042616172
100035045049604
100035046225361
100035049498974
100035051496260
100035053574710
100035062417597
100035064757780
100035068305170
100035070499030
100035071357500
100035086567195
100035098072486
100035099962459
100035111902166
100035117689453
100035117799743
100035123031068
100035136093602
100035147596391
100035150652597
100035151182709
100035155640518
100035162079071
100035162084629
100035163581719
100035166052545
100035178185649
100035181720683
100035183501498
100035184873708
100035195049464
100035202728054
100035204260282
100035211138749
100035211737799
100035216595906
100035222862882
100035225678459
100035226753380
100035231052196
100035232004560
100035232496065
100035235851871
100035236530293
100035237078437
100035237450002
100035237931072
100035238711419
100035238824705
100035241621078
100035245920702
100035248801808
100035261585486
100035264763064
100035279163023
100035290944014
100035297649323
100035307892443
100035309304268
100035313546132
100035317951626
100035322405352
100035332268963
100035338328732
100035338510624
100035343541123
100035343697262
100035345160406
100035349487594
100035353819615
100035355093765
100035358784428
100035360154229
100035362086328
100035370303178
100035372256736
100035376767231
100035381610067
100035384742836
100035390921600
100035408762767
100035408950732
100035411203945
100035412301897
100035413884216
100035417567228
100035419621238
100035420195489
100035421969641
100035424647762
100035427649691
100035428980748
100035430251166
100035431903286
100035431993776
100035435462640
100035435742082
100035442698957
100035442762428
100035442881243
100035448365277
100035449149421
100035451221397
100035460110927
100035464058543
100035465169781
100035466107941
100035467333866
100035469827714
100035473190147
100035478612848
100035493259340
100035496652901
100035496946891
100035502070802
100035511661979
100035518414159
100035524592739
100035533243170
100035533990580
100035537529467
100035542011682
100035542103537
100035543147371
100035546513199
100035548996958
100035550972949
100035557010713
100035561226096
100035568350553
100035570922304
100035575760477
100035578966441
100035584140634
100035584663167
100035599730812
100035599852413
100035601729872
100035606477783
100035606702026
100035607468792
100035609737121
100035611452775
100035616310384
100035618839559
100035623368116
100035634877218
100035640589805
100035644251697
100035645260575
100035646613260
100035650531063
100035655274363
100035662371852
100035662874114
100035664564096
100035672447934
100035674627729
100035679214681
100035689073569
100035700351365
100035713823481
100035714026085
100035717387548
100035719236601
100035720237291
100035727909035
100035736697601
100035738088079
100035738136149
100035744790185
100035758505211
100035762183702
100035762483916
100035770658892
100035772600303
100035778590266
100035781250224
100035781787542
100035786403313
100035793697490
100035795327619
100035797234662
100035798589109
100035810583984
100035815982042
100035819632768
100035820065637
100035820483449
100035820803332
100035825342356
100035826698708
100035833489043
100035834807214
100035837090267
100035841066356
100035841727586
100035855048248
100035855390767
100035861554959
100035864370776
100035866394678
100035867287977
100035873623830
100035874903931
100035876510858
100035880903726
100035883455025
100035892605905
100035896089674
100035904274711
100035904431856
100035906921598
100035908836793
100035910109240
100035913289030
100035914385630
100035917001711
100035917021358
100035917544217
100035918771310
100035921643476
100035921768028
100035939911401
100035946437858
100035947352363
100035951010090
100035957510961
100035961981709
100035965883849
100035973349420
100035974023646
100035975833248
100035979709877
100035982338687
100035986840025
100035992695481
100035994253339
100036001843444
100036005053431
100036005622122
100036008770033
100036009382478
100036012183724
100036013542295
100036017663164
100036021966799
100036022953257
100036024381051
100036027611177
100036029206717
100036031775313
100036032895841
100036041296450
100036042632245
100036051312292
100036054452553
100036055936506
100036058994033
100036061128331
100036062525832
100036062660537
100036069788332
100036072454214
100036072482704
100036073157989
100036077896389
100036088926971
100036091462870
100036092474697
100036095863926
100036096384120
100036100144173
100036102123052
100036109215845
100036112283282
100036112728147
100036114574911
100036120542242
100036121055140
100036134715900
100036139776397
100036141763230
100036141963471
100036142180090
100036144593664
100036144803031
100036145213303
100036149661098
100036158693295
100036160260358
100036162461344
100036163701406
100036172140681
100036173203369
100036173990378
100036177217806
100036181237109
100036185793631
100036197240565
100036199064499
100036205313526
100036206235686
100036208488013
100036210563245
100036217064830
100036217302139
100036221358139
100036221924512
100036222968239
100036224147179
100036224151042
100036224925323
100036230021389
100036230962715
100036235865508
100036236234760
100036240044223
100036241695977
100036241968651
100036242025995
100036242537683
100036244322029
100036247021187
100036247426082
100036247761329
100036259513147
100036270106583
100036272284998
100036272731543
100036281491028
100036295326096
100036300915476
100036301449777
100036311656347
100036318480066
100036319901062
100036321189391
100036322693981
100036323988183
100036324060708
100036327563230
100036329537909
100036332299683
100036335394082
100036338233256
100036340603397
100036341734221
100036342068458
100036342664940
100036343419436
100036344768248
100036347926868
100036348229675
100036348601473
100036349447267
100036350239014
100036353208849
100036355861856
100036360211816
100036360858543
100036365617090
100036368340370
100036371418862
100036372011484
100036372097890
100036372563402
100036373103359
100036375520715
100036382337452
100036383076529
100036384069784
100036384972365
100036388172066
100036388635108
100036390560193
100036394812551
100036396071338
100036399793522
100036405241816
100036411440009
100036412032984
100036418355045
100036419146157
100036419946389
100036428522205
100036430731873
100036432949033
100036438125693
100036441100355
100036445596346
100036447802083
100036448133873
100036448800609
100036450307773
100036454982466
100036455355521
100036455450031
100036455870781
100036457515977
100036458730092
100036460037019
100036463254320
100036466668656
100036466720089
100036466844230
100036468051304
100036473056920
100036473491807
100036480667602
100036484081369
100036488282040
100036489622059
100036491482972
100036497206193
100036499873014
100036500225754
100036500715667
100036504458773
100036505930114
100036506920242
100036508216206
100036508849861
100036514086229
100036516705876
100036516797467
100036517989702
100036518050135
100036519696351
100036523478577
100036527822529
100036532955558
100036534810618
100036548119724
100036550748400
100036551643117
100036552432144
100036553090650
100036553263711
100036554301424
100036554465699
100036558053993
100036560533434
100036560953004
100036563970398
100036565276735
100036571779250
100036575940200
100036578353587
100036579961320
100036581952724
100036583895822
100036587326427
100036592000600
100036600645889
100036600916744
100036612502008
100036613369533
100036614510906
100036619746729
100036625490351
100036635253216
100036635330603
100036635680491
100036636914264
100036638165067
100036638327920
100036643731807
100036647498960
100036652193526
100036661246215
100036662357207
100036665447137
100036668372437
100036673747092
100036674972862
100036678112610
100036680313493
100036681216140
100036682099298
100036684141217
100036686655882
100036696377457
100036697933146
100036700067502
100036702126737
100036703160480
100036703249682
100036707703316
100036708047623
100036708819710
100036711830131
100036713584463
100036714588845
100036717646660
100036718901119
100036718943947
100036719378432
100036721134137
100036726583749
100036730402002
100036732552118
100036736701973
100036738698362
100036739200039
100036742502409
100036743641745
100036745602860
100036746694292
100036747979250
100036748454959
100036751380632
100036751420899
100036754189097
100036761182030
100036763997811
100036764020397
100036764058554
100036765433273
100036766398599
100036770800515
100036774994521
100036775223489
100036776477001
100036780122456
100036785270389
100036787606827
100036787608275
100036788843423
100036788882775
100036791062361
100036793184061
100036794175192
100036794837095
100036796056256
100036796816378
100036799359323
100036799610117
100036799762858
100036804818389
100036805544024
100036806134180
100036806610419
100036807553510
100036808938363
100036811183768
100036813260785
100036814744085
100036815662326
100036816501071
100036818480382
100036820180557
100036820327515
100036830959818
100036833242491
100036834668867
100036835127277
100036835383666
100036836042561
100036841398871
100036842838412
100036843439468
100036843801172
100036845042505
100036846484212
100036849310127
100036849557813
100036856583861
100036860364350
100036868932318
100036869616636
100036869660927
100036873435602
100036873859886
100036876644103
100036878590930
100036880142224
100036880162041
100036883594593
100036884916175
100036885623288
100036890094163
100036892695414
100036893271400
100036894767550
100036897612290
100036897931463
100036898722901
100036900346473
100036901095179
100036902961945
100036903384028
100036904433033
100036906859748
100036909335214
100036909354156
100036910490720
100036912913625
100036914831011
100036915877031
100036916635495
100036916963709
100036917539964
100036917610904
100036917991211
100036919936918
100036921113990
100036921711907
100036921841903
100036922067205
100036924231043
100036924622454
100036926393935
100036927203725
100036929536587
100036929543580
100036929857337
100036930854332
100036931364664
100036939488097
100036942042996
100036942313537
100036943447793
100036945322009
100036946222547
100036947000324
100036948551498
100036950350530
100036950375447
100036951833671
100036954529729
100036957471788
100036957923115
100036959864603
100036962017965
100036962113107
100036965724284
100036967548221
100036968027049
100036968093650
100036968179654
100036968356430
100036968435521
100036969046475
100036969262195
100036969671808
100036970091785
100036970189435
100036972342261
100036972402758
100036973807335
100036975317925
100036976639399
100036976913528
100036978368954
100036979390407
100036979583536
100036981062249
100036981579180
100036981613875
100036982151441
100036982637299
100036984462864
100036984501150
100036984510941
100036984591692
100036985581289
100036986710858
100036988463367
100036989149663
100036989741143
100036989753666
100036990654289
100036990682069
100036992238243
100036992569523
100036993429981
100036993471993
100036995926807
100036996317215
100036996654370
100036996762476
100036996893406
100036997573201
100037002704946
100037003987425
100037004410361
100037005082237
100037005741680
100037006313079
100037006813430
100037007662927
100037008393656
100037009792661
100037010571226
100037010859443
100037013203678
100037015011915
100037015764311
100037016510457
100037017346391
100037018627365
100037018694384
100037018907604
100037019061828
100037019354766
100037019842398
100037020526693
100037021834688
100037021912086
100037022321600
100037022348098
100037022357027
100037022655668
100037022749387
100037023051479
100037023138369
100037023823207
100037023861657
100037023881311
100037024088617
100037024734020
100037025105871
100037026231451
100037026320492
100037026680060
100037026791408
100037026824450
100037026889367
100037027120912
100037028625911
100037029353402
100037029833056
100037031688869
100037034359129
100037036194068
100037036700961
100037036971598
100037037050989
100037037092017
100037037718417
100037039814234
100037039934382
100037043174281
100037043261791
100037043359876
100037044138900
100037044141174
100037045473800
100037046204013
100037047252022
100037048356569
100037048403295
100037049748223
100037050503461
100037051084756
100037051701863
100037052083351
100037052144952
100037052689714
100037053133366
100037053470380
100037053525161
100037053530149
100037054806800
100037054894276
100037055388203
100037056800234
100037057008477
100037057551224
100037057696690
100037058320648
100037058322975
100037058538176
100037059224048
100037059286920
100037059430348
100037059698791
100037060098189
100037060244802
100037060805820
100037065967664
100037066193827
100037068699966
100037068916962
100037069632754
100037069729825
100037070137595
100037070359732
100037070430697
100037071228270
100037071551502
100037072156806
100037072279009
100037072637252
100037072848772
100037073044950
100037073961175
100037074683567
100037077618262
100037077704379
100037079598838
100037079808094
100037080136263
100037081505004
100037081697970
100037081997985
100037082808294
100037083960208
100037084140017
100037084156471
100037084509591
100037084666057
100037084792469
100037086251274
100037086760266
100037088265944
100037088747433
100037089380646
100037090096258
100037090997727
100037091438247
100037091894280
100037092485655
100037093412041
100037093427401
100037093907313
100037094111115
100037094450057
100037097205743
100037097502864
100037098787855
100037099154022
100037099247122
100037099725861
100037100343589
100037101062491
100037101766713
100037103026868
100037103136104
100037104125371
100037104935520
100037105641806
100037105878595
100037107891276
100037107921320
100037109543943
100037109924954
100037110313983
100037110766213
100037113618570
100037113703780
100037114304882
100037115317425
100037115473230
100037116046435
100037116247225
100037116376643
100037116640967
100037116853607
100037117071026
100037117081322
100037118584999
100037118744339
100037119101794
100037119248462
100037119914357
100037120057601
100037120400668
100037121252959
100037127084921
100037127438450
100037128852464
100037130357133
100037131615687
100037132367244
100037132965108
100037133406094
100037133949520
100037134100364
100037135305016
100037136050715
100037136629669
100037136863415
100037136949434
100037137313150
100037137951754
100037138065756
100037138244892
100037139464132
100037139899317
100037140010065
100037140121319
100037141266820
100037141719390
100037142865970
100037143551655
100037147032125
100037147425401
100037147992531
100037148028916
100037148867410
100037148929086
100037149252788
100037149763982
100037150120741
100037150211040
100037150244916
100037150568758
100037150784938
100037151081984
100037151432311
100037152699173
100037152999308
100037153687253
100037153696146
100037154257628
100037154434094
100037154862128
100037155191322
100037155346615
100037155733898
100037155948488
100037160281980
100037160462766
100037160595095
100037161241973
100037161490773
100037162476430
100037162877804
100037163590336
100037166442775
100037166893047
100037167644775
100037167924360
100037168692875
100037169087208
100037169412741
100037169497485
100037170787259
100037171384963
100037174419832
100037175550579
100037175831300
100037177533788
100037177756860
100037178081783
100037178103067
100037178351880
100037179218503
100037179369974
100037181556683
100037184020368
100037185244640
100037190079704
100037190168353
100037190534649
100037192776217
100037193081128
100037193498901
100037195809951
100037196550774
100037197759935
100037197944285
100037198054939
100037198571638
100037199772607
100037199918499
100037200104017
100037201324075
100037201808127
100037202919289
100037204869190
100037206366216
100037209284865
100037209730085
100037212813967
100037212967874
100037212992352
100037213177359
100037213632371
100037213717037
100037214041080
100037214222910
100037214587785
100037215993690
100037216781372
100037217502291
100037218090347
100037219084730
100037224643837
100037224819829
100037225057312
100037227337654
100037228837691
100037229460379
100037229471615
100037230481988
100037230699718
100037231382408
100037232048750
100037237413534
100037237442675
100037237958796
100037239153577
100037241313117
100037242213374
100037242490439
100037242491126
100037242578536
100037244168491
100037244254161
100037247943748
100037250140150
100037251726780
100037251782622
100037252420314
100037255897749
100037256076425
100037256646022
100037256885619
100037257516517
100037257912246
100037262797150
100037263061983
100037263727111
100037264568543
100037264627188
100037265439156
100037265461950
100037266421548
100037266724830
100037267771875
100037268103770
100037269396912
100037269667825
100037270476733
100037271286761
100037275277304
100037275756554
100037279174962
100037279354916
100037280168279
100037281640648
100037281963981
100037282050062
100037284241185
100037284936706
100037286283835
100037291981722
100037292553358
100037295940685
100037297080903
100037299422763
100037301612728
100037301671372
100037303111175
100037304851000
100037308120674
100037309561332
100037310104811
100037315830975
100037324530618
100037325942313
100037327236839
100037327364273
100037327892328
100037329872542
100037330021414
100037330471811
100037330652692
100037330655953
100037331494321
100037331556530
100037332456404
100037340526472
100037345683287
100037345691004
100037346581448
100037350390992
100037358520854
100037361705328
100037362542638
100037362810070
100037363080132
100037364430196
100037364880993
100037365360654
100037368093491
100037369172943
100037369325172
100037371030181
100037372714700
100037373014883
100037376524025
100037377870424
100037379852154
100037382044277
100037384680725
100037386390044
100037389603501
100037395751201
100037397221388
100037398273160
100037401845449
100037401901730
100037408921083
100037422631843
100037429081625
100037434811388
100037439400977
100037446180494
100037454618910
100037593784398
100037595834567
100037598752267
100037616827034
100037622602061
100037635859456
100037642536503
100037697311366
100037711993136
100037716617129
100037734420927
100037840177519
100037845023161
100037876984247
100037984201321
100038003822903
100038047073912
100038092052675
100038096444476
100038111420357
100038168182215
100038173875580
100038173956603
100038249003191
100038252287854
100038258806560
100038266712388
100038280848942
100038306201919
100038348474163
100038402958849
100038481002742
100038589939288
100038728850841
100038752149417
100038786057867
100038832251105
100038836340073
100038862859639
100038912405860
100038949412117
100038958183953
100039094154170
100039118172707
100039133201474
100039287118824
100039367032704
100039368273629
100039400390212
100039665204399
100039692467302
100039981963866
100040053431717
100040059516888
100040093820020
100040458681833
100040495911691
100040515522376
100040583690162
100040645440223
100040651665056
100040829780053
100040831785489
100041059364973
100041128641936
100041157223925
100041420883106
100041423513820
100041459446578
100041478850495
100041486284590
100041507198948
100041552791757
100041595217589
100041646255346
100041657452380
100041790120659
100041993201579
100042014679626
100042090859226
100042128134802
100042439957548
100043059874372
100043109255601
100043485814027
100043648673029
100043660061963
100043705867328
100043949942353
100044014963066
100044305356416
100044313392307
100044619016754
100044764522798
100044803550506
100045256895604
100045297067308
100045378975241
100045494850889
100045530242861
100045580571749
100045624560141
100045693589971
100045730776082
100045744551546
100045781854307
100045927799214
100046007284892
100046060720971
100046208375595
100046225235106
100046350825832
100046514584045
100046546593235
100046567890204
100046666723597
100046679587734
100046794553004
100047404050831
100047524414283
100047661285150
100047674400091
100048050738299
100048112118003
100048130873027
100048188838484
100048421216570
100048441181948
100048507218595
100048892276468
100049053937760
100049110441771
100049666878852
100050247023844
100050355885745
100050705910105
100051097748678
100051350140930
100051616002434
100051862231851
100051957381606
